6 2 1 65
E 3 3 1 1
8 7 4 84
S 6 7 6 7
S 9 10 7 4
W 6 6 7 7
W 4 3 7 7
9 6 1 89
E 1 6 3 6
3 8 5 44
S 6 5 3 1
W 10 6 2 8
N 6 2 2 1
W 10 8 2 6
E 6 5 3 5
4 8 8 59
W 1 2 3 7
E 2 9 3 2
N 8 8 3 1
W 6 6 3 5
E 2 10 3 1
S 8 1 1 4
E 9 3 1 7
N 6 3 1 3
7 3 0 91
8 9 6 72
S 1 5 8 8
E 3 9 7 5
E 10 9 0 1
S 7 1 4 1
S 1 1 7 9
E 8 3 5 6
7 9 8 86
E 6 8 4 5
N 6 3 0 5
N 10 5 7 3
E 8 9 4 1
S 3 6 3 9
N 9 5 3 8
N 7 2 4 1
S 7 3 2 7
3 5 0 72
2 3 8 77
N 5 5 0 3
W 8 4 1 0
S 5 9 0 1
N 3 3 0 1
S 8 10 0 3
S 2 2 1 1
W 8 6 0 0
W 5 5 1 2
5 4 9 85
W 5 1 5 0
E 9 1 5 0
N 5 7 5 1
N 9 7 4 2
W 10 6 0 1
S 3 6 5 0
N 2 7 3 2
W 6 10 0 0
E 9 2 0 0
7 9 8 104
N 4 1 4 4
N 9 5 2 1
W 8 2 6 8
W 9 4 7 2
S 9 1 1 0
E 5 9 7 3
N 6 6 6 5
S 9 2 4 6
4 6 4 21
N 3 9 4 1
E 4 1 3 4
N 9 9 4 6
W 9 8 4 0
5 3 8 99
N 3 6 0 1
W 1 7 3 0
E 8 6 3 2
N 2 2 2 1
S 7 6 2 3
E 2 2 4 0
S 3 8 4 0
N 2 3 2 0
7 4 0 83
3 2 6 42
S 1 9 0 0
S 8 1 2 0
E 2 3 2 2
W 10 3 0 1
E 7 8 2 1
N 4 9 3 2
6 2 5 54
E 2 3 6 1
E 1 1 1 2
S 6 1 4 1
S 2 4 0 0
S 8 9 2 1
8 2 6 70
E 3 4 0 1
N 5 5 2 0
W 7 1 3 2
W 4 1 6 2
N 5 3 0 2
S 7 4 5 0
7 4 8 76
W 5 7 7 3
W 9 9 6 3
W 3 1 0 4
S 2 9 3 2
W 2 3 2 4
N 2 8 1 2
E 10 9 3 3
S 7 2 3 3
4 8 6 22
W 3 1 4 7
N 4 10 4 4
E 4 10 2 5
E 2 4 4 6
W 4 9 2 4
W 5 4 2 3
8 7 8 25
N 2 3 6 0
E 3 8 2 4
S 8 10 0 3
W 9 3 8 0
W 8 4 4 3
E 10 6 7 7
E 1 2 0 0
E 2 8 2 0
4 5 8 19
E 4 8 4 0
N 2 4 2 5
W 9 3 3 1
S 8 2 0 2
W 7 8 1 1
S 5 8 3 4
W 3 10 3 5
N 6 6 3 1
6 8 5 31
W 5 5 6 8
W 2 7 4 1
W 6 8 2 1
S 8 9 3 8
W 2 9 5 7
5 5 2 43
N 9 10 2 5
S 9 5 4 3
2 2 5 85
W 4 7 2 2
N 8 10 0 2
N 5 6 1 2
W 4 4 2 0
N 2 1 0 0
7 9 4 46
W 7 1 4 3
S 4 7 0 5
E 9 8 2 1
E 9 9 6 6
6 5 7 95
W 8 7 2 2
S 2 5 6 4
E 6 9 3 5
S 1 6 6 5
S 7 2 1 2
W 3 3 1 3
W 10 8 1 5
9 3 5 19
W 10 8 1 0
S 9 1 5 3
N 2 2 6 2
E 6 4 5 2
S 4 6 2 2
9 4 1 82
W 7 6 4 0
5 9 4 14
S 6 5 1 4
N 6 4 3 0
N 6 1 5 8
W 2 1 4 4
4 8 1 55
W 10 1 4 8
6 4 4 81
E 9 8 4 3
N 5 3 0 0
E 9 3 0 0
S 6 9 1 2
5 3 3 96
W 4 10 1 1
E 1 5 0 0
N 1 2 1 2
3 9 6 89
E 5 3 1 0
W 9 5 3 1
S 3 4 1 0
W 6 4 2 8
W 10 1 2 3
W 6 10 0 5
2 7 6 45
S 9 5 1 0
W 3 5 1 5
S 7 9 2 2
E 9 5 2 6
N 1 3 2 3
E 1 8 2 5
2 7 1 35
W 6 4 2 3
2 7 4 79
N 2 7 0 1
E 7 10 0 2
W 6 3 1 1
W 8 8 2 4
9 9 8 84
W 6 5 7 2
N 1 1 7 7
N 2 2 0 8
W 3 4 7 0
N 5 9 3 6
S 7 8 4 1
S 4 1 4 3
W 10 8 7 4
4 5 4 40
W 2 3 0 3
E 5 8 1 1
E 7 3 3 3
W 6 3 0 5
5 7 2 76
N 1 9 1 3
N 1 4 2 2
9 7 8 84
E 6 4 6 2
N 4 1 7 4
E 4 3 1 0
E 7 10 2 6
N 5 7 6 4
S 2 5 6 4
N 2 8 7 6
S 8 3 9 3
2 7 2 70
S 5 3 0 6
W 8 3 0 3
3 8 4 65
N 8 1 2 6
N 4 3 2 3
E 8 5 3 3
N 8 6 3 7
5 8 0 56
2 9 4 104
S 3 6 0 7
N 6 5 2 2
E 7 2 0 7
W 3 5 0 4
4 4 2 57
S 9 5 4 0
E 1 9 2 1
2 3 6 25
N 6 2 0 0
E 6 7 2 3
N 8 8 0 2
S 3 5 2 3
E 5 10 1 0
W 9 7 2 0
7 6 4 46
W 9 5 0 4
S 4 8 4 5
E 4 8 3 5
W 8 9 3 5
5 8 2 53
N 7 5 0 4
W 9 2 1 8
7 3 5 36
E 9 8 2 1
E 7 7 1 2
E 9 10 2 1
W 7 9 3 0
N 2 6 1 0
3 5 2 32
E 8 10 3 0
S 2 10 0 5
3 4 6 24
S 5 2 3 1
S 1 4 2 1
N 9 3 2 0
E 2 8 1 3
W 8 2 3 3
S 8 6 1 0
7 9 9 24
S 2 1 1 0
N 7 5 2 5
S 9 6 5 6
N 4 4 2 9
N 3 9 2 8
E 5 3 1 2
E 3 1 1 9
W 8 6 5 3
N 7 7 1 5
6 3 0 80
9 4 1 59
E 10 1 8 1
5 8 3 98
W 7 9 0 4
W 8 6 4 1
N 9 4 5 4
6 2 5 62
W 1 6 2 2
S 8 6 4 0
W 1 3 0 0
W 10 6 5 0
E 1 3 6 0
8 2 2 61
E 8 6 2 1
S 2 8 0 2
3 2 8 52
S 6 2 3 2
E 5 8 2 0
W 4 3 3 0
E 1 5 0 2
E 2 1 2 2
W 10 2 0 2
S 4 8 1 1
W 2 6 2 2
2 2 5 67
S 6 3 2 0
E 4 9 1 2
N 5 5 0 0
E 10 7 1 2
N 6 7 1 2
6 2 5 96
E 7 2 5 0
S 3 3 0 2
N 1 9 3 1
E 10 6 0 2
N 2 10 5 0
8 3 3 47
E 7 3 3 3
W 4 1 0 0
S 7 2 7 2
4 6 9 74
S 10 2 1 2
S 5 3 2 2
E 4 1 4 1
E 3 3 4 5
N 10 10 4 3
N 9 4 2 4
E 10 6 4 0
W 5 6 3 4
N 3 6 4 6
5 5 1 108
E 3 7 5 0
4 9 0 108
6 5 4 86
N 5 2 4 0
W 7 10 3 0
W 6 7 1 1
E 2 9 4 2
7 7 8 91
E 7 3 7 3
E 2 5 7 1
W 6 1 1 4
S 4 6 3 7
N 6 5 6 2
N 4 7 2 7
S 1 9 2 7
E 6 7 3 5
5 6 4 17
N 7 9 0 5
N 6 2 4 5
W 4 3 0 4
S 2 5 1 1
7 6 1 26
S 10 2 4 4
8 8 0 20
7 4 8 101
W 7 3 2 4
S 3 2 0 3
N 5 7 5 0
S 10 9 0 4
S 3 1 4 2
S 2 1 1 1
S 5 5 3 1
W 7 3 3 1
6 4 4 64
N 3 4 5 3
N 4 9 0 1
N 10 10 5 4
W 6 6 1 2
3 2 9 61
N 10 8 1 2
S 8 4 2 0
N 3 2 3 2
S 6 7 1 0
W 6 4 3 0
W 5 9 0 0
E 8 5 1 0
N 3 2 1 2
N 1 2 1 2
7 6 9 84
W 8 3 4 6
E 4 3 2 0
S 8 5 4 0
E 6 9 3 5
W 2 7 5 2
E 3 5 1 0
E 9 4 0 6
E 4 3 5 2
S 5 6 3 0
5 4 5 26
N 1 2 3 0
N 4 9 5 4
E 2 5 0 1
W 6 5 2 2
W 9 2 1 2
9 7 3 68
W 9 2 5 0
S 6 8 5 1
N 9 9 9 2
7 4 0 23
7 6 1 100
W 2 3 7 0
3 6 7 34
S 1 9 0 2
W 4 3 1 6
E 3 6 0 2
S 7 8 0 6
W 6 6 2 0
W 1 6 2 2
N 4 6 3 1
4 8 6 61
W 4 2 2 6
S 7 1 2 1
E 6 7 1 1
S 10 9 1 6
S 1 10 3 1
E 9 4 2 5
6 7 1 56
W 3 8 5 4
5 8 8 95
E 10 9 3 8
W 3 3 1 2
S 7 6 3 0
E 7 8 4 3
S 8 1 0 0
E 5 4 0 7
S 1 8 5 7
S 1 1 3 1
2 8 8 67
E 2 9 1 3
E 1 7 1 8
S 1 10 0 0
S 7 2 0 0
N 10 9 1 6
S 5 5 0 5
E 8 1 2 4
W 2 6 2 5
4 4 2 44
W 8 6 0 3
S 4 10 0 4
9 2 3 44
N 3 3 6 0
N 7 3 5 0
N 6 1 6 2
3 2 1 19
W 1 7 0 1
5 4 6 11
N 8 5 4 0
E 10 2 4 3
S 6 9 2 4
N 9 10 4 3
E 10 10 5 2
N 5 10 5 4
8 4 2 110
N 3 3 6 0
W 1 6 4 1
7 3 7 52
W 2 3 2 2
W 5 3 7 1
W 3 7 3 3
E 3 9 7 0
W 3 5 1 0
W 6 6 1 2
S 9 2 5 0
6 2 0 96
9 7 0 66
2 5 3 75
E 9 6 0 3
W 10 3 0 5
W 3 2 2 4
6 8 0 83
6 3 3 32
E 10 8 0 3
N 5 10 6 2
W 8 2 0 2
5 7 6 31
W 9 6 4 7
E 9 6 3 3
S 10 8 1 3
W 5 7 1 1
S 7 7 1 6
E 3 9 2 4
3 3 4 34
W 2 10 0 3
N 8 9 1 2
E 6 10 0 3
W 1 7 3 1
2 7 8 19
W 3 10 1 7
W 6 8 0 2
E 6 10 2 5
N 8 2 0 2
E 1 5 2 3
N 7 3 0 3
N 10 7 1 6
E 10 6 0 6
2 5 4 65
E 8 7 0 1
N 8 2 2 4
W 3 6 0 5
S 4 1 0 5
4 7 1 48
W 3 4 2 2
2 4 5 24
E 4 8 1 4
S 7 3 1 4
W 3 6 1 3
E 5 6 2 1
N 9 2 1 2
